/share/apps/caffe_software/anaconda4.3.1/lib/python2.7/site-packages/IPython/html.py:14: ShimWarning: The `IPython.html` package has been deprecated since IPython 4.0. You should import from `notebook` instead. `IPython.html.widgets` has moved to `ipywidgets`.
  "`IPython.html.widgets` has moved to `ipywidgets`.", ShimWarning)
Getting Train Data...
train_x : (59381, 127)
train_y : (59381,)
Getting Test Data...
test_x : (19765, 127)
Fitting Random Forest...
[ 0.02479718  0.00357967  0.02442906  0.00629737  0.03171483  0.00132762
  0.0102513   0.00284471  0.02923258  0.02562709  0.05052309  0.06283916
  0.02441818  0.01736689  0.00651955  0.01437077  0.00590408  0.02423872
  0.00998604  0.00177358  0.02181152  0.00871241  0.0024535   0.01279573
  0.00294624  0.00769815  0.00369863  0.00456271  0.00863295  0.01494085
  0.00662233  0.00905654  0.00502977  0.01280921  0.0201121   0.02000938
  0.02314023  0.01624509  0.02354691  0.02355075  0.00648218  0.02626347
  0.00226054  0.00311536  0.0030863   0.00626887  0.01160412  0.0012401
  0.00111671  0.00482588  0.00618524  0.00265168  0.0291735   0.00781185
  0.00297262  0.00498489  0.00309343  0.00263023  0.00670005  0.00225029
  0.02101359  0.0060018   0.00715926  0.00707878  0.00173326  0.00607069
  0.00996765  0.00580161  0.00155955  0.00300555  0.00420169  0.00979461
  0.00029244  0.00770939  0.00478595  0.00062341  0.00740931  0.00307595
  0.01263719  0.00331565  0.00112398  0.00906313  0.00203417  0.00121555
  0.00153312  0.00178894  0.00100086  0.00113011  0.00347625  0.00449513
  0.00118795  0.0009182   0.00109171  0.01564818  0.00155763  0.00115709
  0.00113795  0.0010959   0.00108135  0.00180124  0.00325382  0.0042718
  0.00211801  0.00584925  0.00176803  0.00125832  0.0018172   0.00142726
  0.00211996  0.00145587  0.00223992  0.0026177   0.00217071  0.00099625
  0.00145121  0.00569059  0.00133208  0.00132487  0.00387138  0.00122844
  0.00332488  0.00122594  0.0010358   0.00155716  0.00107392  0.00233522
  0.00327488]
Processed in 10.4970090389 seconds
